alpha 0.05; single rollout = naive flip old-success/new-failure
 p_old  p_new   naive  n=5     n=10    n=20  
  0.95   0.95   0.048   0.000   0.001   0.001
  0.95   0.80   0.190   0.005   0.074   0.213
  0.95   0.50   0.475   0.151   0.628   0.943
  0.95   0.20   0.760   0.637   0.976   1.000
  0.95   0.00   0.950   0.977   1.000   1.000
  0.80   0.80   0.160   0.002   0.015   0.023
  0.80   0.50   0.400   0.074   0.254   0.531
  0.80   0.20   0.640   0.376   0.805   0.982
  0.80   0.00   0.800   0.737   0.999   1.000
